$ANSIBLE_VAULT;1.1;AES256
30336231656136626333623432666530356238303937306130666139303564373161666339393361
3236656631663135316432353238373531306638383338350a666161313034343765633266333934
36653434353434633365623138633065333265616664383461656434313738656339353931643064
3965653061666161350a303933366239633363393764643363316663306235623064633065323064
63626135383166363161633732643263623432353430653431393735396164303739333139303565
31323133663332313466623734316238613832346638333033383061323961383039633931346535
33626536326430336535353161383261393639346332383536356263383861346663616432393934
65386236653037343439346437316231306339633837336565663164386233306134363530656639
63643434646234303062343337666264333461656535663036303761396262633430316663386634
39653630316332363734626136353131633035343637623238363233313139393437366333616561
63626531343737333139393864623566633932653933623535306366343662326262626432653930
34653662313731623138316165613139613938313966666161613731333135333735363562663861
37653438353338616436343363303563396336623131393663343439363535626239363632616533
33623864366364643330646332323461333665653838343235343036303234336531393566653034
64306264306265353764303635636238663266396561373764313631623431363466373631646265
63666235313366663533376462613464616331653562303230396135333835333666336339366431
66396461623363363565353033316466346564626233323134666365306333313763
